[gd_scene format=3 uid="uid://c6muthn1eix57"]

[sub_resource type="PlaneMesh" id="PlaneMesh_l7g0s"]
size = Vector2(10, 10)

[sub_resource type="StandardMaterial3D" id="StandardMaterial3D_rnpve"]
albedo_color = Color(0.18215331, 0.37268314, 0.2526249, 1)
roughness = 0.7
subsurf_scatter_enabled = true
subsurf_scatter_strength = 0.5
subsurf_scatter_skin_mode = true

[sub_resource type="ConvexPolygonShape3D" id="ConvexPolygonShape3D_rnpve"]
points = PackedVector3Array(-5, 0, -5, -5, 0, 5, 5, 0, -5, 5, 0, 5)

[sub_resource type="TorusMesh" id="TorusMesh_p20re"]

[sub_resource type="StandardMaterial3D" id="StandardMaterial3D_m2sqd"]
albedo_color = Color(0.6935346, 0.04391113, 0.9168767, 1)
metallic = 0.81
roughness = 0.23

[sub_resource type="ConvexPolygonShape3D" id="ConvexPolygonShape3D_ho7oe"]
points = PackedVector3Array(0.7235525, 0.07204743, 0.67132235, 0.47637385, -0.07532536, 0, 0.47637385, 0.08331467, 0, 0.0063617527, -0.09899601, 0.9789201, -0.03174603, 0.2738095, 0.66664183, 0.8797884, -0.21149726, 0.048270755, 0.7905914, 0.24574862, 0.052820474, -0.03174603, -0.23412389, 0.5713789, 0.55980664, -0.22663827, 0.6435662, 0.42406762, 0.20820116, 0.78020805, 0.63491136, -0.26587301, 0, 0.97114944, -0.03951681, 0.21762693, -0.03174603, 0.08331467, 0.47621536, 0.6664958, 0.2738095, 0, 0.21769078, 0.047299482, 0.97034776, 0.9734071, 0.10605714, 0.041179124, 0.670221, 0.23708723, 0.48053226, 0.61340094, -0.117321655, 0.7505216, 0.022157995, -0.23810428, 0.82113993, 0.018917317, 0.19035353, 0.909349, 0.8046065, -0.14554796, 0.50793654, 0.86751384, 0.15696791, 0.3688603, 0.31191877, -0.14854795, 0.8961369, -0.03174603, -0.26587301, 0.63482124, 0.47820047, 0.046024144, 0.8725656, -0.03174603, -0.07532536, 0.47621536, 0.83908784, -0.0376277, 0.53568894, 0.7828429, -0.23153655, 0.3140565, -0.03174603, 0.14681295, 0.50793654, 0.97742236, -0.09892331, 0.03728556, 0.53954273, -0.20232192, 0, 0.6118791, 0.17704123, 0.6942659)

[sub_resource type="ConvexPolygonShape3D" id="ConvexPolygonShape3D_nmhtg"]
points = PackedVector3Array(-0.97066814, -0.039208412, 0.21968581, -0.063440636, 0.07820384, 0.9831561, -0.19341996, 0.07580943, 0.9678282, -0.66647714, 0.2738095, 0, -0.03174603, -0.26587301, 0.63482124, -0.6347839, -0.26587301, 0, -0.03174603, 0.08331467, 0.47621536, -0.56460184, -0.2001236, 0.6983608, -0.6951039, 0.17526256, 0.6132691, -0.03174603, 0.2738095, 0.66664183, -0.47622156, -0.07532536, 0, -0.97359186, 0.10551777, 0.043645147, -0.07618696, -0.1548571, 0.9410518, -0.6189189, -0.03677922, 0.7799698, -0.8813408, -0.21061827, 0.050145965, -0.31672344, 0.23872402, 0.7563934, -0.70140386, -0.22827744, 0.4806349, -0.5080111, 0.14681295, 0, -0.81365204, 0.21107118, 0.3422953, -0.8393454, -0.037143745, 0.535366, -0.03174603, -0.17062561, 0.50793654, -0.42826936, 0.12683961, 0.86290777, -0.39925456, -0.09297688, 0.8959124, -0.31668934, -0.23082617, 0.78412205, -0.86695033, 0.10006583, 0.45305896, -0.86349505, -0.14553456, 0.39928657, -0.08153203, 0.18943384, 0.9073683, -0.6739222, 0.23615468, 0.48064187, -0.97756714, -0.098430105, 0.039541602, -0.539608, -0.20232192, 0, -0.6440861, 0.07086161, 0.7487045, -0.90889025, 0.1894095, 0.051451955)

[sub_resource type="ConvexPolygonShape3D" id="ConvexPolygonShape3D_tq727"]
points = PackedVector3Array(0.97092056, -0.039368533, -0.21861684, 0.038378008, -0.09868448, -0.9774951, 0.0423851, 0.105793364, -0.973488, 0.47621536, -0.07532536, 0, 0.66664183, 0.2738095, 0, 0, 0.14681295, -0.50793654, 0, -0.26587301, -0.63482124, 0.61453104, 0.15064271, -0.72120905, 0.6997441, -0.22901915, -0.48054773, 0.63482124, -0.26587301, 0, 0, 0.2738095, -0.66664183, 0.56192064, -0.09051982, -0.80501837, 0.9735066, 0.10579745, -0.042366434, 0.7796184, 0.20775884, -0.42648306, 0.31445378, -0.23105398, -0.78439003, 0.88059825, -0.21103904, -0.049248315, 0.31448793, 0.23894896, -0.75663143, 0.83921957, -0.03738808, -0.535529, 0, -0.20232192, -0.5396577, 0.33700863, 0.04669185, -0.93530095, 0.50793654, 0.14681295, 0, 0.8667881, 0.100574434, -0.4527685, 0, 0.08331467, -0.47621536, 0.8630727, -0.14628272, -0.39874285, 0.589313, 0.2347155, -0.589313, 0.97748953, -0.098683275, -0.038383525, 0.141832, 0.18702601, -0.90218264, 0.9021719, 0.18702103, -0.14184195, 0.64362603, -0.17240527, -0.6707469, 0.3141914, -0.14830306, -0.8955136, 0.049248923, -0.21103875, -0.8805977, 0.616888, 0.044838358, -0.78048587)

[sub_resource type="ConvexPolygonShape3D" id="ConvexPolygonShape3D_b6skf"]
points = PackedVector3Array(-0.9699701, 0.047264095, -0.21921077, -0.21861684, -0.039368533, -0.97092056, -0.21921137, 0.047264006, -0.96996915, -0.47621536, -0.07532536, 0, 0, 0.2738095, -0.66664183, 0, -0.26587301, -0.63482124, -0.78439003, -0.23105398, -0.31445378, -0.66664183, 0.2738095, 0, -0.66770464, 0.1770903, -0.6410905, -0.63482124, -0.26587301, 0, -0.58848137, -0.14380506, -0.74965507, 0, 0.08331467, -0.47621536, -0.9774951, -0.09868448, -0.038378008, -0.04458713, -0.1552996, -0.94225854, -0.86525697, -0.06468948, -0.4804702, -0.05025944, 0.18989393, -0.9083592, -0.3144538, -0.23105393, -0.78439, -0.9083546, 0.18989179, -0.050264735, -0.589313, 0.2347155, -0.589313, -0.61688805, 0.044838388, -0.78048605, -0.50793654, 0.14681295, 0, 0, -0.20232192, -0.5396577, -0.42648306, 0.20775884, -0.7796184, -0.86385494, 0.12716746, -0.42586088, -0.75663143, 0.23894896, -0.31448793, -0.699746, -0.22902144, -0.48054746, -0.3968603, -0.093239784, -0.89696455, -0.8805977, -0.21103875, -0.049248923, -0.042366434, 0.10579745, -0.9735066, -0.8955136, -0.14830306, -0.3141914, 0, 0.24206036, -0.60310006, 0, -0.07532536, -0.47621536)

[sub_resource type="Environment" id="Environment_sprq5"]
background_mode = 1
background_color = Color(0.5999706, 0.7314745, 1, 1)

[node name="Main" type="Node" unique_id=1543376789]

[node name="Camera3D" type="Camera3D" parent="." unique_id=2080758689]
transform = Transform3D(0.97259355, 0, -0.23251185, 0.07412336, 0.94782406, 0.3100569, 0.22038032, -0.3187939, 0.9218476, -0.75021267, 1.2808458, 1.7685587)

[node name="Floor" type="StaticBody3D" parent="." unique_id=1011176337]

[node name="MeshInstance3D" type="MeshInstance3D" parent="Floor" unique_id=1432140683]
mesh = SubResource("PlaneMesh_l7g0s")
surface_material_override/0 = SubResource("StandardMaterial3D_rnpve")

[node name="CollisionShape3D" type="CollisionShape3D" parent="Floor" unique_id=1532028415]
shape = SubResource("ConvexPolygonShape3D_rnpve")

[node name="Actor" type="CharacterBody3D" parent="." unique_id=862450768]

[node name="MeshInstance3D" type="MeshInstance3D" parent="Actor" unique_id=492779084]
transform = Transform3D(0.91517085, 0.3165913, -0.24946399, -0.40306616, 0.71882766, -0.56641364, 0, 0.61891574, 0.7854574, 0, 0.9669367, 0)
mesh = SubResource("TorusMesh_p20re")
surface_material_override/0 = SubResource("StandardMaterial3D_m2sqd")

[node name="CollisionShape3D4" type="CollisionShape3D" parent="Actor" unique_id=267323487]
transform = Transform3D(0.91517085, 0.3165913, -0.24946399, -0.40306616, 0.71882766, -0.56641364, 0, 0.61891574, 0.7854574, 0, 0.9669367, 0)
shape = SubResource("ConvexPolygonShape3D_ho7oe")

[node name="CollisionShape3D3" type="CollisionShape3D" parent="Actor" unique_id=1994471591]
transform = Transform3D(0.91517085, 0.3165913, -0.24946399, -0.40306616, 0.71882766, -0.56641364, 0, 0.61891574, 0.7854574, 0, 0.9669367, 0)
shape = SubResource("ConvexPolygonShape3D_nmhtg")

[node name="CollisionShape3D2" type="CollisionShape3D" parent="Actor" unique_id=1669836501]
transform = Transform3D(0.91517085, 0.3165913, -0.24946399, -0.40306616, 0.71882766, -0.56641364, 0, 0.61891574, 0.7854574, 0, 0.9669367, 0)
shape = SubResource("ConvexPolygonShape3D_tq727")

[node name="CollisionShape3D" type="CollisionShape3D" parent="Actor" unique_id=1612078987]
transform = Transform3D(0.91517085, 0.3165913, -0.24946399, -0.40306616, 0.71882766, -0.56641364, 0, 0.61891574, 0.7854574, 0, 0.9669367, 0)
shape = SubResource("ConvexPolygonShape3D_b6skf")

[node name="SpotLight3D" type="SpotLight3D" parent="." unique_id=142643716]
transform = Transform3D(1, 0, 0, 0, -0.3579117, 0.93375546, 0, -0.93375546, -0.3579117, 0, 3.0520883, 0.6739299)

[node name="DirectionalLight3D" type="DirectionalLight3D" parent="." unique_id=1802059493]
transform = Transform3D(-0.10679698, -0.4079564, 0.9067339, 0.24796736, 0.8722055, 0.42162755, -0.96286386, 0.26986897, 0.008010957, 2.33038, 1.9375885, 0)

[node name="WorldEnvironment" type="WorldEnvironment" parent="." unique_id=275818744]
environment = SubResource("Environment_sprq5")
